cam_model: Pinhole
cam_width: 752
cam_height: 480
cam_fx: 711.11851
cam_fy: 711.79754
cam_cx: 356.40179
cam_cy: 201.14749
cam_d0: -0.56080
cam_d1: 0.63574
cam_d2: 0.00730
cam_d3: 0.00215